2.314952e-01	2.262190e-01	2.304676e-01	2.299757e-01	2.283362e-01	2.310151e-01	2.380902e-01	2.402801e-01	2.216068e-01	2.223971e-01	2.243234e-01	2.251989e-01	2.248847e-01	2.209606e-01	2.228294e-01	2.202283e-01	2.236700e-01	2.292159e-01	2.292213e-01	2.263381e-01	2.311472e-01	2.329007e-01	2.167737e-01	2.181856e-01	2.198734e-01	2.211213e-01	2.216941e-01	2.229322e-01	2.211376e-01	2.231901e-01	2.200045e-01	2.252813e-01	2.205077e-01	2.199476e-01	2.190824e-01	2.190281e-01	2.241794e-01	2.226254e-01	2.238899e-01	2.237261e-01	
2.262190e-01	2.282973e-01	2.287241e-01	2.282758e-01	2.266600e-01	2.292861e-01	2.363269e-01	2.385371e-01	2.200224e-01	2.208483e-01	2.227764e-01	2.235889e-01	2.232882e-01	2.194024e-01	2.211589e-01	2.187297e-01	2.220811e-01	2.275146e-01	2.276541e-01	2.247729e-01	2.294239e-01	2.312482e-01	2.153547e-01	2.167404e-01	2.183172e-01	2.195247e-01	2.201552e-01	2.213480e-01	2.195627e-01	2.216627e-01	2.185385e-01	2.237402e-01	2.190302e-01	2.184027e-01	2.176105e-01	2.174302e-01	2.225812e-01	2.210368e-01	2.222484e-01	2.220779e-01	
2.304676e-01	2.287241e-01	2.371372e-01	2.324709e-01	2.308933e-01	2.335660e-01	2.409738e-01	2.432226e-01	2.242984e-01	2.251751e-01	2.270544e-01	2.279275e-01	2.275936e-01	2.236841e-01	2.254375e-01	2.230259e-01	2.263384e-01	2.320548e-01	2.321108e-01	2.292042e-01	2.339314e-01	2.357314e-01	2.196408e-01	2.210331e-01	2.226334e-01	2.239247e-01	2.243976e-01	2.256218e-01	2.238963e-01	2.259897e-01	2.227950e-01	2.281289e-01	2.232267e-01	2.226703e-01	2.218151e-01	2.217418e-01	2.269901e-01	2.254168e-01	2.265584e-01	2.264289e-01	
2.299757e-01	2.282758e-01	2.324709e-01	2.360992e-01	2.304973e-01	2.331225e-01	2.400831e-01	2.423434e-01	2.235835e-01	2.243570e-01	2.263311e-01	2.271618e-01	2.268701e-01	2.228604e-01	2.247374e-01	2.222563e-01	2.256416e-01	2.311131e-01	2.311504e-01	2.283956e-01	2.330384e-01	2.348888e-01	2.185644e-01	2.200245e-01	2.217064e-01	2.229776e-01	2.236881e-01	2.248676e-01	2.230562e-01	2.252121e-01	2.218766e-01	2.271481e-01	2.224223e-01	2.218502e-01	2.208918e-01	2.208940e-01	2.262098e-01	2.247170e-01	2.258007e-01	2.256282e-01	
2.283362e-01	2.266600e-01	2.308933e-01	2.304973e-01	2.325082e-01	2.314791e-01	2.384979e-01	2.407885e-01	2.220284e-01	2.229326e-01	2.248225e-01	2.256546e-01	2.253590e-01	2.213201e-01	2.232356e-01	2.207482e-01	2.240696e-01	2.296506e-01	2.296963e-01	2.269295e-01	2.316095e-01	2.333394e-01	2.171814e-01	2.186469e-01	2.201714e-01	2.214899e-01	2.222077e-01	2.233738e-01	2.216489e-01	2.236598e-01	2.204445e-01	2.257231e-01	2.209832e-01	2.204279e-01	2.194465e-01	2.193809e-01	2.246748e-01	2.231636e-01	2.243018e-01	2.241185e-01	
2.310151e-01	2.292861e-01	2.335660e-01	2.331225e-01	2.314791e-01	2.379396e-01	2.412092e-01	2.435800e-01	2.245099e-01	2.253765e-01	2.273972e-01	2.281528e-01	2.278029e-01	2.238694e-01	2.258382e-01	2.232797e-01	2.266283e-01	2.320739e-01	2.321856e-01	2.295063e-01	2.341041e-01	2.360388e-01	2.193456e-01	2.208880e-01	2.226517e-01	2.239518e-01	2.246124e-01	2.257538e-01	2.241025e-01	2.261771e-01	2.227970e-01	2.281293e-01	2.233633e-01	2.228124e-01	2.218410e-01	2.219176e-01	2.271476e-01	2.256162e-01	2.269017e-01	2.266394e-01	
2.380902e-01	2.363269e-01	2.409738e-01	2.400831e-01	2.384979e-01	2.412092e-01	2.575259e-01	2.562883e-01	2.308274e-01	2.318279e-01	2.339005e-01	2.344933e-01	2.341190e-01	2.301701e-01	2.317395e-01	2.293856e-01	2.329399e-01	2.426848e-01	2.423595e-01	2.358187e-01	2.459592e-01	2.469735e-01	2.256965e-01	2.271449e-01	2.285346e-01	2.296999e-01	2.309686e-01	2.322486e-01	2.302639e-01	2.323932e-01	2.289130e-01	2.343099e-01	2.295034e-01	2.291075e-01	2.276739e-01	2.274785e-01	2.336930e-01	2.320193e-01	2.331237e-01	2.328876e-01	
2.402801e-01	2.385371e-01	2.432226e-01	2.423434e-01	2.407885e-01	2.435800e-01	2.562883e-01	2.629057e-01	2.328723e-01	2.337482e-01	2.359507e-01	2.365736e-01	2.360605e-01	2.321422e-01	2.337603e-01	2.313211e-01	2.350257e-01	2.449160e-01	2.445934e-01	2.379084e-01	2.483798e-01	2.494191e-01	2.273382e-01	2.288886e-01	2.302402e-01	2.315208e-01	2.328956e-01	2.342375e-01	2.321762e-01	2.343892e-01	2.306811e-01	2.360734e-01	2.314313e-01	2.308283e-01	2.294022e-01	2.292368e-01	2.357988e-01	2.341129e-01	2.351921e-01	2.348369e-01	
2.216068e-01	2.200224e-01	2.242984e-01	2.235835e-01	2.220284e-01	2.245099e-01	2.308274e-01	2.328723e-01	2.207057e-01	2.178732e-01	2.195884e-01	2.204468e-01	2.200095e-01	2.162708e-01	2.179615e-01	2.157180e-01	2.186822e-01	2.232619e-01	2.234110e-01	2.213304e-01	2.244553e-01	2.263111e-01	2.133241e-01	2.144211e-01	2.161082e-01	2.170833e-01	2.168175e-01	2.180243e-01	2.166418e-01	2.186000e-01	2.157769e-01	2.212088e-01	2.159573e-01	2.154961e-01	2.152847e-01	2.149453e-01	2.192830e-01	2.178763e-01	2.189147e-01	2.187967e-01	
2.223971e-01	2.208483e-01	2.251751e-01	2.243570e-01	2.229326e-01	2.253765e-01	2.318279e-01	2.337482e-01	2.178732e-01	2.225173e-01	2.204396e-01	2.213697e-01	2.208631e-01	2.171263e-01	2.189139e-01	2.166095e-01	2.195951e-01	2.242395e-01	2.242991e-01	2.223360e-01	2.253768e-01	2.273000e-01	2.143576e-01	2.155043e-01	2.169947e-01	2.179522e-01	2.177986e-01	2.189128e-01	2.176073e-01	2.195444e-01	2.167278e-01	2.222184e-01	2.169374e-01	2.163956e-01	2.163010e-01	2.158893e-01	2.202423e-01	2.187288e-01	2.197331e-01	2.196561e-01	
2.243234e-01	2.227764e-01	2.270544e-01	2.263311e-01	2.248225e-01	2.273972e-01	2.339005e-01	2.359507e-01	2.195884e-01	2.204396e-01	2.264469e-01	2.234177e-01	2.226582e-01	2.188583e-01	2.206098e-01	2.182914e-01	2.213418e-01	2.260706e-01	2.261837e-01	2.242029e-01	2.274544e-01	2.293128e-01	2.158090e-01	2.170039e-01	2.184810e-01	2.195608e-01	2.195917e-01	2.207407e-01	2.192242e-01	2.212771e-01	2.183913e-01	2.237778e-01	2.185562e-01	2.180903e-01	2.178663e-01	2.175006e-01	2.220078e-01	2.205551e-01	2.215386e-01	2.215337e-01	
2.251989e-01	2.235889e-01	2.279275e-01	2.271618e-01	2.256546e-01	2.281528e-01	2.344933e-01	2.365736e-01	2.204468e-01	2.213697e-01	2.234177e-01	2.281566e-01	2.235364e-01	2.197753e-01	2.214980e-01	2.192552e-01	2.223110e-01	2.268576e-01	2.269317e-01	2.250578e-01	2.281831e-01	2.299643e-01	2.168534e-01	2.180115e-01	2.194606e-01	2.206021e-01	2.205003e-01	2.216132e-01	2.200545e-01	2.221645e-01	2.193880e-01	2.248204e-01	2.195042e-01	2.189826e-01	2.188225e-01	2.185325e-01	2.229505e-01	2.215177e-01	2.224865e-01	2.224299e-01	
2.248847e-01	2.232882e-01	2.275936e-01	2.268701e-01	2.253590e-01	2.278029e-01	2.341190e-01	2.360605e-01	2.200095e-01	2.208631e-01	2.226582e-01	2.235364e-01	2.273144e-01	2.196239e-01	2.211633e-01	2.188790e-01	2.218061e-01	2.263854e-01	2.264895e-01	2.245305e-01	2.276323e-01	2.295267e-01	2.163441e-01	2.174986e-01	2.192843e-01	2.201932e-01	2.199456e-01	2.211530e-01	2.196630e-01	2.216651e-01	2.188471e-01	2.242876e-01	2.191438e-01	2.185739e-01	2.184610e-01	2.181724e-01	2.224889e-01	2.210400e-01	2.220207e-01	2.219744e-01	
2.209606e-01	2.194024e-01	2.236841e-01	2.228604e-01	2.213201e-01	2.238694e-01	2.301701e-01	2.321422e-01	2.162708e-01	2.171263e-01	2.188583e-01	2.197753e-01	2.196239e-01	2.197840e-01	2.174417e-01	2.152210e-01	2.180939e-01	2.227674e-01	2.228603e-01	2.206934e-01	2.237948e-01	2.257536e-01	2.129489e-01	2.138848e-01	2.157114e-01	2.166295e-01	2.161765e-01	2.173810e-01	2.159441e-01	2.179429e-01	2.151038e-01	2.205086e-01	2.154102e-01	2.150129e-01	2.149293e-01	2.145513e-01	2.186435e-01	2.172384e-01	2.182297e-01	2.181434e-01	
2.228294e-01	2.211589e-01	2.254375e-01	2.247374e-01	2.232356e-01	2.258382e-01	2.317395e-01	2.337603e-01	2.179615e-01	2.189139e-01	2.206098e-01	2.214980e-01	2.211633e-01	2.174417e-01	2.230977e-01	2.169425e-01	2.197168e-01	2.241806e-01	2.243844e-01	2.224854e-01	2.253733e-01	2.273679e-01	2.143364e-01	2.154463e-01	2.170604e-01	2.181451e-01	2.179623e-01	2.192081e-01	2.176411e-01	2.196140e-01	2.167864e-01	2.221331e-01	2.170659e-01	2.165634e-01	2.163950e-01	2.160737e-01	2.203817e-01	2.189819e-01	2.200282e-01	2.199617e-01	
2.202283e-01	2.187297e-01	2.230259e-01	2.222563e-01	2.207482e-01	2.232797e-01	2.293856e-01	2.313211e-01	2.157180e-01	2.166095e-01	2.182914e-01	2.192552e-01	2.188790e-01	2.152210e-01	2.169425e-01	2.185026e-01	2.173974e-01	2.219561e-01	2.221437e-01	2.201147e-01	2.230895e-01	2.249633e-01	2.124149e-01	2.134472e-01	2.149805e-01	2.159468e-01	2.156765e-01	2.168664e-01	2.153844e-01	2.173530e-01	2.146771e-01	2.198995e-01	2.148648e-01	2.144268e-01	2.143260e-01	2.139844e-01	2.181237e-01	2.166014e-01	2.175436e-01	2.175397e-01	
2.236700e-01	2.220811e-01	2.263384e-01	2.256416e-01	2.240696e-01	2.266283e-01	2.329399e-01	2.350257e-01	2.186822e-01	2.195951e-01	2.213418e-01	2.223110e-01	2.218061e-01	2.180939e-01	2.197168e-01	2.173974e-01	2.244902e-01	2.252581e-01	2.252794e-01	2.234355e-01	2.265475e-01	2.283916e-01	2.148394e-01	2.161419e-01	2.174208e-01	2.184973e-01	2.188497e-01	2.200175e-01	2.183525e-01	2.204079e-01	2.175649e-01	2.229858e-01	2.177889e-01	2.172329e-01	2.168089e-01	2.164852e-01	2.213193e-01	2.198631e-01	2.208338e-01	2.207707e-01	
2.292159e-01	2.275146e-01	2.320548e-01	2.311131e-01	2.296506e-01	2.320739e-01	2.426848e-01	2.449160e-01	2.232619e-01	2.242395e-01	2.260706e-01	2.268576e-01	2.263854e-01	2.227674e-01	2.241806e-01	2.219561e-01	2.252581e-01	2.375291e-01	2.334712e-01	2.278837e-01	2.353242e-01	2.366365e-01	2.194486e-01	2.206149e-01	2.216744e-01	2.227309e-01	2.232635e-01	2.245596e-01	2.227433e-01	2.248926e-01	2.217238e-01	2.270626e-01	2.223047e-01	2.217487e-01	2.209584e-01	2.205888e-01	2.258390e-01	2.243260e-01	2.253325e-01	2.251237e-01	
2.292213e-01	2.276541e-01	2.321108e-01	2.311504e-01	2.296963e-01	2.321856e-01	2.423595e-01	2.445934e-01	2.234110e-01	2.242991e-01	2.261837e-01	2.269317e-01	2.264895e-01	2.228603e-01	2.243844e-01	2.221437e-01	2.252794e-01	2.334712e-01	2.371777e-01	2.280200e-01	2.351967e-01	2.364592e-01	2.193862e-01	2.206826e-01	2.218068e-01	2.228774e-01	2.234287e-01	2.245776e-01	2.229363e-01	2.249568e-01	2.219153e-01	2.272019e-01	2.223007e-01	2.217613e-01	2.211562e-01	2.207756e-01	2.259993e-01	2.244602e-01	2.254349e-01	2.252342e-01	
2.263381e-01	2.247729e-01	2.292042e-01	2.283956e-01	2.269295e-01	2.295063e-01	2.358187e-01	2.379084e-01	2.213304e-01	2.223360e-01	2.242029e-01	2.250578e-01	2.245305e-01	2.206934e-01	2.224854e-01	2.201147e-01	2.234355e-01	2.278837e-01	2.280200e-01	2.304827e-01	2.292542e-01	2.312394e-01	2.175080e-01	2.186712e-01	2.201890e-01	2.212827e-01	2.214785e-01	2.226446e-01	2.210955e-01	2.231492e-01	2.200959e-01	2.256496e-01	2.204123e-01	2.200103e-01	2.195236e-01	2.193098e-01	2.239641e-01	2.225279e-01	2.236134e-01	2.235020e-01	
2.311472e-01	2.294239e-01	2.339314e-01	2.330384e-01	2.316095e-01	2.341041e-01	2.459592e-01	2.483798e-01	2.244553e-01	2.253768e-01	2.274544e-01	2.281831e-01	2.276323e-01	2.237948e-01	2.253733e-01	2.230895e-01	2.265475e-01	2.353242e-01	2.351967e-01	2.292542e-01	2.424308e-01	2.399116e-01	2.197496e-01	2.210487e-01	2.223076e-01	2.234708e-01	2.245673e-01	2.259157e-01	2.239628e-01	2.260670e-01	2.226590e-01	2.278397e-01	2.232331e-01	2.227133e-01	2.215219e-01	2.212622e-01	2.275298e-01	2.258053e-01	2.267099e-01	2.264618e-01	
2.329007e-01	2.312482e-01	2.357314e-01	2.348888e-01	2.333394e-01	2.360388e-01	2.469735e-01	2.494191e-01	2.263111e-01	2.273000e-01	2.293128e-01	2.299643e-01	2.295267e-01	2.257536e-01	2.273679e-01	2.249633e-01	2.283916e-01	2.366365e-01	2.364592e-01	2.312394e-01	2.399116e-01	2.448438e-01	2.216587e-01	2.229040e-01	2.243458e-01	2.255237e-01	2.265127e-01	2.277641e-01	2.258962e-01	2.280083e-01	2.246434e-01	2.299476e-01	2.252377e-01	2.246786e-01	2.235339e-01	2.234169e-01	2.295114e-01	2.277747e-01	2.285948e-01	2.284864e-01	
2.167737e-01	2.153547e-01	2.196408e-01	2.185644e-01	2.171814e-01	2.193456e-01	2.256965e-01	2.273382e-01	2.133241e-01	2.143576e-01	2.158090e-01	2.168534e-01	2.163441e-01	2.129489e-01	2.143364e-01	2.124149e-01	2.148394e-01	2.194486e-01	2.193862e-01	2.175080e-01	2.197496e-01	2.216587e-01	2.164649e-01	2.130962e-01	2.136222e-01	2.142811e-01	2.132898e-01	2.144921e-01	2.130779e-01	2.150548e-01	2.126218e-01	2.179657e-01	2.129419e-01	2.125014e-01	2.132978e-01	2.125661e-01	2.154745e-01	2.141430e-01	2.151062e-01	2.151571e-01	
2.181856e-01	2.167404e-01	2.210331e-01	2.200245e-01	2.186469e-01	2.208880e-01	2.271449e-01	2.288886e-01	2.144211e-01	2.155043e-01	2.170039e-01	2.180115e-01	2.174986e-01	2.138848e-01	2.154463e-01	2.134472e-01	2.161419e-01	2.206149e-01	2.206826e-01	2.186712e-01	2.210487e-01	2.229040e-01	2.130962e-01	2.174888e-01	2.146299e-01	2.153156e-01	2.143610e-01	2.156517e-01	2.142124e-01	2.161770e-01	2.137231e-01	2.190221e-01	2.139709e-01	2.135072e-01	2.142480e-01	2.135560e-01	2.166778e-01	2.153469e-01	2.163003e-01	2.162897e-01	
2.198734e-01	2.183172e-01	2.226334e-01	2.217064e-01	2.201714e-01	2.226517e-01	2.285346e-01	2.302402e-01	2.161082e-01	2.169947e-01	2.184810e-01	2.194606e-01	2.192843e-01	2.157114e-01	2.170604e-01	2.149805e-01	2.174208e-01	2.216744e-01	2.218068e-01	2.201890e-01	2.223076e-01	2.243458e-01	2.136222e-01	2.146299e-01	2.217282e-01	2.187319e-01	2.158549e-01	2.170529e-01	2.157139e-01	2.176868e-01	2.153261e-01	2.207155e-01	2.156097e-01	2.149902e-01	2.169787e-01	2.162469e-01	2.181244e-01	2.167638e-01	2.177170e-01	2.178508e-01	
2.211213e-01	2.195247e-01	2.239247e-01	2.229776e-01	2.214899e-01	2.239518e-01	2.296999e-01	2.315208e-01	2.170833e-01	2.179522e-01	2.195608e-01	2.206021e-01	2.201932e-01	2.166295e-01	2.181451e-01	2.159468e-01	2.184973e-01	2.227309e-01	2.228774e-01	2.212827e-01	2.234708e-01	2.255237e-01	2.142811e-01	2.153156e-01	2.187319e-01	2.230886e-01	2.168711e-01	2.180460e-01	2.167560e-01	2.187194e-01	2.162836e-01	2.215526e-01	2.164627e-01	2.159296e-01	2.177212e-01	2.170234e-01	2.192074e-01	2.178859e-01	2.188505e-01	2.189368e-01	
2.216941e-01	2.201552e-01	2.243976e-01	2.236881e-01	2.222077e-01	2.246124e-01	2.309686e-01	2.328956e-01	2.168175e-01	2.177986e-01	2.195917e-01	2.205003e-01	2.199456e-01	2.161765e-01	2.179623e-01	2.156765e-01	2.188497e-01	2.232635e-01	2.234287e-01	2.214785e-01	2.245673e-01	2.265127e-01	2.132898e-01	2.143610e-01	2.158549e-01	2.168711e-01	2.209667e-01	2.184084e-01	2.167070e-01	2.186060e-01	2.158776e-01	2.212104e-01	2.161188e-01	2.156007e-01	2.151365e-01	2.148531e-01	2.195205e-01	2.180322e-01	2.190527e-01	2.190110e-01	
2.229322e-01	2.213480e-01	2.256218e-01	2.248676e-01	2.233738e-01	2.257538e-01	2.322486e-01	2.342375e-01	2.180243e-01	2.189128e-01	2.207407e-01	2.216132e-01	2.211530e-01	2.173810e-01	2.192081e-01	2.168664e-01	2.200175e-01	2.245596e-01	2.245776e-01	2.226446e-01	2.259157e-01	2.277641e-01	2.144921e-01	2.156517e-01	2.170529e-01	2.180460e-01	2.184084e-01	2.231754e-01	2.177953e-01	2.197161e-01	2.169548e-01	2.223403e-01	2.172567e-01	2.167509e-01	2.163497e-01	2.161094e-01	2.206395e-01	2.191907e-01	2.202186e-01	2.201271e-01	
2.211376e-01	2.195627e-01	2.238963e-01	2.230562e-01	2.216489e-01	2.241025e-01	2.302639e-01	2.321762e-01	2.166418e-01	2.176073e-01	2.192242e-01	2.200545e-01	2.196630e-01	2.159441e-01	2.176411e-01	2.153844e-01	2.183525e-01	2.227433e-01	2.229363e-01	2.210955e-01	2.239628e-01	2.258962e-01	2.130779e-01	2.142124e-01	2.157139e-01	2.167560e-01	2.167070e-01	2.177953e-01	2.200021e-01	2.184533e-01	2.154836e-01	2.209512e-01	2.157454e-01	2.152433e-01	2.149881e-01	2.146915e-01	2.190575e-01	2.176188e-01	2.185751e-01	2.185252e-01	
2.231901e-01	2.216627e-01	2.259897e-01	2.252121e-01	2.236598e-01	2.261771e-01	2.323932e-01	2.343892e-01	2.186000e-01	2.195444e-01	2.212771e-01	2.221645e-01	2.216651e-01	2.179429e-01	2.196140e-01	2.173530e-01	2.204079e-01	2.248926e-01	2.249568e-01	2.231492e-01	2.260670e-01	2.280083e-01	2.150548e-01	2.161770e-01	2.176868e-01	2.187194e-01	2.186060e-01	2.197161e-01	2.184533e-01	2.241455e-01	2.174493e-01	2.228895e-01	2.177004e-01	2.171762e-01	2.169359e-01	2.166675e-01	2.210981e-01	2.196145e-01	2.206192e-01	2.205526e-01	
2.200045e-01	2.185385e-01	2.227950e-01	2.218766e-01	2.204445e-01	2.227970e-01	2.289130e-01	2.306811e-01	2.157769e-01	2.167278e-01	2.183913e-01	2.193880e-01	2.188471e-01	2.151038e-01	2.167864e-01	2.146771e-01	2.175649e-01	2.217238e-01	2.219153e-01	2.200959e-01	2.226590e-01	2.246434e-01	2.126218e-01	2.137231e-01	2.153261e-01	2.162836e-01	2.158776e-01	2.169548e-01	2.154836e-01	2.174493e-01	2.189877e-01	2.208752e-01	2.150071e-01	2.146045e-01	2.147020e-01	2.143755e-01	2.181945e-01	2.167422e-01	2.176637e-01	2.176526e-01	
2.252813e-01	2.237402e-01	2.281289e-01	2.271481e-01	2.257231e-01	2.281293e-01	2.343099e-01	2.360734e-01	2.212088e-01	2.222184e-01	2.237778e-01	2.248204e-01	2.242876e-01	2.205086e-01	2.221331e-01	2.198995e-01	2.229858e-01	2.270626e-01	2.272019e-01	2.256496e-01	2.278397e-01	2.299476e-01	2.179657e-01	2.190221e-01	2.207155e-01	2.215526e-01	2.212104e-01	2.223403e-01	2.209512e-01	2.228895e-01	2.208752e-01	2.313026e-01	2.202981e-01	2.199063e-01	2.199700e-01	2.196332e-01	2.235173e-01	2.221756e-01	2.231500e-01	2.231522e-01	
2.205077e-01	2.190302e-01	2.232267e-01	2.224223e-01	2.209832e-01	2.233633e-01	2.295034e-01	2.314313e-01	2.159573e-01	2.169374e-01	2.185562e-01	2.195042e-01	2.191438e-01	2.154102e-01	2.170659e-01	2.148648e-01	2.177889e-01	2.223047e-01	2.223007e-01	2.204123e-01	2.232331e-01	2.252377e-01	2.129419e-01	2.139709e-01	2.156097e-01	2.164627e-01	2.161188e-01	2.172567e-01	2.157454e-01	2.177004e-01	2.150071e-01	2.202981e-01	2.191213e-01	2.149370e-01	2.148617e-01	2.144364e-01	2.185384e-01	2.170564e-01	2.180519e-01	2.180109e-01	
2.199476e-01	2.184027e-01	2.226703e-01	2.218502e-01	2.204279e-01	2.228124e-01	2.291075e-01	2.308283e-01	2.154961e-01	2.163956e-01	2.180903e-01	2.189826e-01	2.185739e-01	2.150129e-01	2.165634e-01	2.144268e-01	2.172329e-01	2.217487e-01	2.217613e-01	2.200103e-01	2.227133e-01	2.246786e-01	2.125014e-01	2.135072e-01	2.149902e-01	2.159296e-01	2.156007e-01	2.167509e-01	2.152433e-01	2.171762e-01	2.146045e-01	2.199063e-01	2.149370e-01	2.182496e-01	2.143196e-01	2.139384e-01	2.178797e-01	2.165295e-01	2.174563e-01	2.175642e-01	
2.190824e-01	2.176105e-01	2.218151e-01	2.208918e-01	2.194465e-01	2.218410e-01	2.276739e-01	2.294022e-01	2.152847e-01	2.163010e-01	2.178663e-01	2.188225e-01	2.184610e-01	2.149293e-01	2.163950e-01	2.143260e-01	2.168089e-01	2.209584e-01	2.211562e-01	2.195236e-01	2.215219e-01	2.235339e-01	2.132978e-01	2.142480e-01	2.169787e-01	2.177212e-01	2.151365e-01	2.163497e-01	2.149881e-01	2.169359e-01	2.147020e-01	2.199700e-01	2.148617e-01	2.143196e-01	2.196772e-01	2.154155e-01	2.173870e-01	2.161106e-01	2.170349e-01	2.171922e-01	
2.190281e-01	2.174302e-01	2.217418e-01	2.208940e-01	2.193809e-01	2.219176e-01	2.274785e-01	2.292368e-01	2.149453e-01	2.158893e-01	2.175006e-01	2.185325e-01	2.181724e-01	2.145513e-01	2.160737e-01	2.139844e-01	2.164852e-01	2.205888e-01	2.207756e-01	2.193098e-01	2.212622e-01	2.234169e-01	2.125661e-01	2.135560e-01	2.162469e-01	2.170234e-01	2.148531e-01	2.161094e-01	2.146915e-01	2.166675e-01	2.143755e-01	2.196332e-01	2.144364e-01	2.139384e-01	2.154155e-01	2.183055e-01	2.171962e-01	2.157944e-01	2.167942e-01	2.168853e-01	
2.241794e-01	2.225812e-01	2.269901e-01	2.262098e-01	2.246748e-01	2.271476e-01	2.336930e-01	2.357988e-01	2.192830e-01	2.202423e-01	2.220078e-01	2.229505e-01	2.224889e-01	2.186435e-01	2.203817e-01	2.181237e-01	2.213193e-01	2.258390e-01	2.259993e-01	2.239641e-01	2.275298e-01	2.295114e-01	2.154745e-01	2.166778e-01	2.181244e-01	2.192074e-01	2.195205e-01	2.206395e-01	2.190575e-01	2.210981e-01	2.181945e-01	2.235173e-01	2.185384e-01	2.178797e-01	2.173870e-01	2.171962e-01	2.263257e-01	2.210991e-01	2.215933e-01	2.216331e-01	
2.226254e-01	2.210368e-01	2.254168e-01	2.247170e-01	2.231636e-01	2.256162e-01	2.320193e-01	2.341129e-01	2.178763e-01	2.187288e-01	2.205551e-01	2.215177e-01	2.210400e-01	2.172384e-01	2.189819e-01	2.166014e-01	2.198631e-01	2.243260e-01	2.244602e-01	2.225279e-01	2.258053e-01	2.277747e-01	2.141430e-01	2.153469e-01	2.167638e-01	2.178859e-01	2.180322e-01	2.191907e-01	2.176188e-01	2.196145e-01	2.167422e-01	2.221756e-01	2.170564e-01	2.165295e-01	2.161106e-01	2.157944e-01	2.210991e-01	2.229352e-01	2.200526e-01	2.200411e-01	
2.238899e-01	2.222484e-01	2.265584e-01	2.258007e-01	2.243018e-01	2.269017e-01	2.331237e-01	2.351921e-01	2.189147e-01	2.197331e-01	2.215386e-01	2.224865e-01	2.220207e-01	2.182297e-01	2.200282e-01	2.175436e-01	2.208338e-01	2.253325e-01	2.254349e-01	2.236134e-01	2.267099e-01	2.285948e-01	2.151062e-01	2.163003e-01	2.177170e-01	2.188505e-01	2.190527e-01	2.202186e-01	2.185751e-01	2.206192e-01	2.176637e-01	2.231500e-01	2.180519e-01	2.174563e-01	2.170349e-01	2.167942e-01	2.215933e-01	2.200526e-01	2.252009e-01	2.214982e-01	
2.237261e-01	2.220779e-01	2.264289e-01	2.256282e-01	2.241185e-01	2.266394e-01	2.328876e-01	2.348369e-01	2.187967e-01	2.196561e-01	2.215337e-01	2.224299e-01	2.219744e-01	2.181434e-01	2.199617e-01	2.175397e-01	2.207707e-01	2.251237e-01	2.252342e-01	2.235020e-01	2.264618e-01	2.284864e-01	2.151571e-01	2.162897e-01	2.178508e-01	2.189368e-01	2.190110e-01	2.201271e-01	2.185252e-01	2.205526e-01	2.176526e-01	2.231522e-01	2.180109e-01	2.175642e-01	2.171922e-01	2.168853e-01	2.216331e-01	2.200411e-01	2.214982e-01	2.250481e-01	
